anterior_vs._anterior	0.614599037675
posterior_vs._posterior	0.828623148844	0.842415050046	0.755602925095
anterior_vs._middle	0.825928381946	0.798492266754
anterior_vs._posterior	0.850172121477	0.836547022256	0.752524855838	0.844590152603	0.808819984595	0.724804819663
anterior_vs._stomach	0.808934802162	0.776416001938
anterior_vs._esophagus	0.821470114751	0.786475581636
middle_vs._posterior	0.82534927662	0.712395334555	0.729633019333
middle_vs._stomach	0.684487796191
middle_vs._esophagus	0.706862415419
posterior_vs._stomach	0.822908256041	0.720072233052	0.689649563783
posterior_vs._esophagus	0.845868850508	0.721027022424	0.719589969569
stomach_vs._esophagus	0.723106198276
