anterior_vs._anterior	0.990376827827
middle_vs._middle	0.411913274112
posterior_vs._posterior	1.05242900353	0.383153849449	0.395160781701	1.08544279618	1.05401824033	1.05930626971	1.19738704172	0.320642032808	1.03131729213	1.00610051795
anterior_vs._middle	0.467978836996	0.536483432567	0.965832294044	1.00375401789
anterior_vs._posterior	0.43824141184	1.03798731138	0.436033235472	0.474131595158	1.06834362391	1.00341771097	1.13906816412	0.94857596066	0.927464049906	0.545744134891
anterior_vs._stomach	0.420896858823	0.954094922874
anterior_vs._esophagus	0.467166743916	0.93604231179
middle_vs._posterior	0.43592350219	0.975418072407	0.388626025357	0.397526159451	1.04433079231	0.512917144109	0.98498933843	0.506282694876	0.506148018528	1.08528282854
middle_vs._stomach	0.403270666152	0.487139341098
middle_vs._esophagus	0.492151231171	0.524273811532
posterior_vs._stomach	0.422554021929	1.02572507531	0.383248613273	0.390748581418	1.03141181644
posterior_vs._esophagus	0.471466902756	1.0319870137	0.39026979122	0.431023408114	1.02406371403
stomach_vs._esophagus	0.427484273721
