anterior_vs._anterior	0.370313935527
posterior_vs._posterior	0.850140091919	0.810560234012	0.547418861542
anterior_vs._middle	0.834178536657	0.775811921217
anterior_vs._posterior	0.791299860943	0.861863782599	0.677879069292	0.752952852564	0.803266605883	0.613717980031
anterior_vs._stomach	0.847465533165	0.796783874194
anterior_vs._esophagus	0.826155897962	0.772488842049
middle_vs._posterior	0.867999548124	0.455426561707	0.526944143509
middle_vs._stomach	0.363160484973
middle_vs._esophagus	0.422330856425
posterior_vs._stomach	0.864041498759	0.423657402479	0.495927318315
posterior_vs._esophagus	0.830700419128	0.417784788356	0.493624662672
stomach_vs._esophagus	0.387334847817
