anterior_vs._anterior	0.891614988733
middle_vs._middle	0.411913274112	1.18905968622	0.722785028347	0.811484646144	0.928633950444	1.20087600372	0.76956704313	0.841594218668	0.968195808181	0.85943169161	0.793023482874	0.686690925429	0.390286223025	0.51757944495	0.494097318833
posterior_vs._posterior	1.05242900353	1.02056477654	1.00742951389	1.02064440737	1.04786794439	1.04353345568	0.584292924367	0.527205362848	0.430853210793	0.498176605895	0.605058050062	0.342501263636	0.421080872727	0.370143509091	0.364031509091	0.327354736364	0.313103609091	0.319040554545	0.348137927273	0.427979163636	0.359187581818
stomach_vs._stomach	0.676132330025	0.747493193458	0.602615157819
anterior_vs._middle	0.467978836996	0.536483432567	1.13460482228	0.746713213586	0.792860778438	0.901490140396	0.941886159203	0.895202410068	0.741918729075	0.527866219398	0.430188508143	0.474647769337
anterior_vs._posterior	0.43824141184	1.03798731138	1.01782851245	1.00401382171	1.02208754182	1.04931798651	1.05048907969	0.921561115709	1.1756378288	1.10981139056	1.1160449121	1.13055225847	1.14677148396	1.1495884218
anterior_vs._stomach	0.420896858823	0.720451695494	0.812047448227	0.85706446474	0.54546903006	0.647460291121
anterior_vs._esophagus	0.467166743916	0.905225277303
middle_vs._posterior	0.43592350219	0.975418072407	0.986152490776	0.983321046387	0.993514402864	1.02227730936	1.01520581652	0.512917144109	0.98498933843	0.980237736152	0.975618617548	0.989302999154	1.01682483848	1.01798022918	1.15727838292	1.33138127568	1.24716606396	1.24629727138	1.27440873813	1.28465703169	1.27371073428	0.761779764678	0.994188299508	0.931915613318	0.937740265539	0.959427856746	0.976277901133	0.978150049648	0.827619250732	1.09031847489	1.03676216247	1.04937883541	1.06136821553	1.0871538142	1.08937033176	0.927410750071	1.1691382329	1.09997299333	1.09598565596	1.11930049885	1.13460845911	1.12596649827
middle_vs._stomach	0.403270666152	0.743967205178	0.820019688845	0.487139341098	0.793767468026	0.83601910389	1.11768683466	0.910223480384	0.975298587056	0.727455740773	0.438263001325	0.579341483084	0.765273963621	0.390805068493	0.579935139713	0.883741332341	0.611691833173	0.685051663923
middle_vs._esophagus	0.492151231171	0.524273811532	1.15456225714	0.744408967679	0.780762073059	0.908657375763
posterior_vs._stomach	0.422554021929	0.731607087309	0.836898257028	1.02572507531	1.07909431963	1.01725033112	1.01369628411	1.03877399535	0.952195455225	1.00531512773	1.05341413811	0.956440230704	1.01495771974	1.06752861403	0.971009735411	1.04289735996	1.08435081918	0.996080554222	1.04747277943	1.08716771225	1.00639413294
posterior_vs._esophagus	0.471466902756	1.0319870137	1.01053151756	1.01250299946	1.01669155351	1.04844182632	1.04748295849
stomach_vs._esophagus	0.427484273721	0.681979762557	0.841085477371
