anterior_vs._anterior	0.878251168076
middle_vs._middle	0.675554889511
posterior_vs._posterior	0.853089287382	0.69501930147	0.669278054963	0.929099837902	0.851557214548	0.851366282784	0.931847532238	0.651069413733	0.928244513481	0.936254361892
anterior_vs._middle	0.731290191355	0.718099520527	0.866158058903	0.846969557607
anterior_vs._posterior	0.710200419001	0.854863900488	0.685756003122	0.699362067468	0.938303053917	0.858735396429	0.897024993633	0.850082499535	0.856837234091	0.821006602361
anterior_vs._stomach	0.715505194462	0.877289994364
anterior_vs._esophagus	0.708456430723	0.8510025184
middle_vs._posterior	0.730763278407	0.805853449916	0.698560811163	0.686674903274	0.930832498349	0.726745650001	0.810146681769	0.700810498332	0.718610069604	0.914259061269
middle_vs._stomach	0.728413177534	0.747876903394
middle_vs._esophagus	0.710744891413	0.698505001432
posterior_vs._stomach	0.717654709696	0.85424338334	0.708871191008	0.705625181012	0.935911026665
posterior_vs._esophagus	0.675664912604	0.851972199162	0.680764108097	0.699414764943	0.915195855619
stomach_vs._esophagus	0.701561748979
