Acanthurus_triostegus.middle_vs._Acanthurus_triostegus.middle	0.873262558547
Naso_lituratus.stomach_vs._Naso_lituratus.stomach	0.936013850665	0.875192340139	0.843469704678
Naso_unicornis.posterior_vs._Naso_unicornis.posterior	0.384484861952	0.506521349096	0.449172262265	0.468105098193	0.476667972181	0.470556587077
Naso_lituratus.middle_vs._Naso_lituratus.middle	0.80975467359	0.723617408702	0.906913140432
Naso_unicornis._posterior_vs._Naso_unicornis._posterior	0.760121932626
Acanthurus_triostegus.posterior_vs._Acanthurus_triostegus.posterior	0.667799398146
Naso_unicornis.anterior_vs._Naso_unicornis.anterior	0.62871879356	0.73928256128	0.635861211632	0.727555390437	0.691950362108	0.647798730649
Acanthurus_leucoparieus.middle_vs._Acanthurus_leucoparieus.middle	0.769703663838
Acanthurus.nigrofuscus.anterior_vs._Acanthurus.nigrofuscus.anterior	0.587894140871	0.826505597137	0.799491154075
Naso_unicornis.stomach_vs._Naso_unicornis.stomach	0.665780886465	0.754381555994	0.794044658525
Acanthurus_nigrofuscus.posterior_vs._Acanthurus_nigrofuscus.posterior	0.751609614352	0.918477478012	0.887927511561
Naso_lituratus.anterior_vs._Naso_lituratus.anterior	0.578877219172
Acanthurus_leucoparieus.posterior_vs._Acanthurus_leucoparieus.posterior	0.787894048738
Acanthurus_leucoparieus.anterior_vs._Acanthurus_leucoparieus.anterior	0.836250244908
Naso_lituratus.posterior_vs._Naso_lituratus.posterior	0.900193375251	0.893593696438	0.451726021996
Zebrasoma_flavescens.posterior_vs._Zebrasoma_flavescens.posterior	0.524631415151
Acanthurus_nigrofuscus.middle_vs._Acanthurus_nigrofuscus.middle	0.421980164277
Acanthurus_nigrofuscus.stomach_vs._Acanthurus_nigrofuscus.stomach	0.757716709867
Naso_unicornis.middle_vs._Naso_unicornis.middle	0.841310682478	0.796828696604	0.879766710377	0.838726599277	0.68137784517	0.572728169816	0.637391875844	0.632552208962	0.735470556602	0.661434198848	0.641224134994	0.6843278855	0.596994677541	0.813927322001	0.788626554785
Zebrasoma_flavescens.middle_vs._algae.pre-gut	0.658694680648
Zebrasoma_flavescens.middle_vs._Acanthurus_triostegus.middle	0.685451798447	0.796394240591
Zebrasoma_flavescens.middle_vs._Naso_lituratus.stomach	0.860207199944	0.711570962376	0.740245683403
Zebrasoma_flavescens.middle_vs._Naso_unicornis.posterior	0.747603861488	0.735832803043	0.700800572705	0.746737586582
Zebrasoma_flavescens.middle_vs._Acanthurus_triostegus.anterior	0.636569778277
Zebrasoma_flavescens.middle_vs._Acanthurus_leucoparieus.stomach	0.715088403684
Zebrasoma_flavescens.middle_vs._Naso_unicornis._anterior	0.630592950992
Zebrasoma_flavescens.middle_vs._Naso_lituratus.middle	0.645394816711	0.848498719937	0.697133730816
Zebrasoma_flavescens.middle_vs._Naso_unicornis._posterior	0.635786128831	0.785990433493
Zebrasoma_flavescens.middle_vs._Acanthurus_triostegus.posterior	0.789377892167	0.622836736869
Zebrasoma_flavescens.middle_vs._Naso_unicornis.anterior	0.730295279284	0.695244041263	0.647950377058	0.692901502016
Zebrasoma_flavescens.middle_vs._Zebrasoma_flavescens.anterior	0.590220052777
Zebrasoma_flavescens.middle_vs._Acanthurus_leucoparieus.middle	0.704052811746	0.656935135382
Zebrasoma_flavescens.middle_vs._Acanthurus.nigrofuscus.anterior	0.703869839091	0.65259167878	0.729856226719
Zebrasoma_flavescens.middle_vs._Naso_unicornis.stomach	0.6387768605	0.693387115445	0.674762867494
Zebrasoma_flavescens.middle_vs._Acanthurus_nigrofuscus.posterior	0.737204101674	0.742680526674	0.833280835904
Zebrasoma_flavescens.middle_vs._Naso_lituratus.anterior	0.69809016583	0.639603883404
Zebrasoma_flavescens.middle_vs._Acanthurus_triostegus.stomach	0.815013434065
Zebrasoma_flavescens.middle_vs._Acanthurus_leucoparieus.posterior	0.641024098866	0.754871961052
Zebrasoma_flavescens.middle_vs._Zebrasome_flavescens.stomach	0.690070911353
Zebrasoma_flavescens.middle_vs._Acanthurus_leucoparieus.anterior	0.857662245022	0.664509858223
Zebrasoma_flavescens.middle_vs._Naso_lituratus.posterior	0.848773218618	0.709123935714	0.721368013606
Zebrasoma_flavescens.middle_vs._Zebrasoma_flavescens.posterior	0.702836362684	0.724933806567
Zebrasoma_flavescens.middle_vs._Acanthurus_nigrofuscus.middle	0.862308007562	0.842463002067
Zebrasoma_flavescens.middle_vs._Acanthurus_nigrofuscus.stomach	0.757226544717	0.673940748031
Zebrasoma_flavescens.middle_vs._Naso_unicornis._middle	0.658481703075
Zebrasoma_flavescens.middle_vs._Naso_unicornis.middle	0.836315234474	0.615932073848	0.606453342031	0.667946866377	0.690463893803	0.707755613524
algae.pre-gut_vs._Acanthurus_triostegus.middle	0.703506094371	0.856824293153
algae.pre-gut_vs._Naso_lituratus.stomach	0.895519443726	0.794373774401	0.676264353549
algae.pre-gut_vs._Naso_unicornis.posterior	0.810453222571	0.804813761036	0.784769624151	0.839900517133
algae.pre-gut_vs._Acanthurus_triostegus.anterior	0.674855322188
algae.pre-gut_vs._Acanthurus_leucoparieus.stomach	0.791748473385
algae.pre-gut_vs._Naso_unicornis._anterior	0.730020170322
algae.pre-gut_vs._Naso_lituratus.middle	0.764734359783	0.885071853046	0.775422539194
algae.pre-gut_vs._Naso_unicornis._posterior	0.744865838096	0.836486090873
algae.pre-gut_vs._Acanthurus_triostegus.posterior	0.831702329988	0.741690687662
algae.pre-gut_vs._Naso_unicornis.anterior	0.803116068833	0.768824845992	0.744000418937	0.761677139179
algae.pre-gut_vs._Zebrasoma_flavescens.anterior	0.670462137008
algae.pre-gut_vs._Acanthurus_leucoparieus.middle	0.800607355665	0.735213069839
algae.pre-gut_vs._Acanthurus.nigrofuscus.anterior	0.784813261473	0.757111194374	0.722370033733
algae.pre-gut_vs._Naso_unicornis.stomach	0.736169657376	0.795601575847	0.702265852239
algae.pre-gut_vs._Acanthurus_nigrofuscus.posterior	0.815395869213	0.804996919738	0.844304670736
algae.pre-gut_vs._Naso_lituratus.anterior	0.789332570415	0.751372398009
algae.pre-gut_vs._Acanthurus_triostegus.stomach	0.692759994265
algae.pre-gut_vs._Acanthurus_leucoparieus.posterior	0.737192184507	0.810307925258
algae.pre-gut_vs._Zebrasome_flavescens.stomach	0.578336934765
algae.pre-gut_vs._Acanthurus_leucoparieus.anterior	0.897981647723	0.751906766558
algae.pre-gut_vs._Naso_lituratus.posterior	0.893727342931	0.783975441775	0.788243904006
algae.pre-gut_vs._Zebrasoma_flavescens.posterior	0.795405124649	0.798523008428
algae.pre-gut_vs._Acanthurus_nigrofuscus.middle	0.897671352224	0.868975260367
algae.pre-gut_vs._Acanthurus_nigrofuscus.stomach	0.676782343994	0.757963867859
algae.pre-gut_vs._Naso_unicornis._middle	0.750958721593
algae.pre-gut_vs._Naso_unicornis.middle	0.875734464258	0.720347802095	0.733421161342	0.774962886306	0.791864004519	0.786055776551
Acanthurus_triostegus.middle_vs._Naso_lituratus.stomach	0.885544342575	0.83078454208	0.688435847688	0.950134190609	0.588697372513	0.886455040242
Acanthurus_triostegus.middle_vs._Naso_unicornis.posterior	0.827249947109	0.823231338027	0.800040962411	0.841060527273	0.640696218701	0.679395431772	0.705634698733	0.640515499795
Acanthurus_triostegus.middle_vs._Acanthurus_triostegus.anterior	0.538188235736	0.841540726117
Acanthurus_triostegus.middle_vs._Acanthurus_leucoparieus.stomach	0.849913240497	0.796883568145
Acanthurus_triostegus.middle_vs._Naso_unicornis._anterior	0.781937494048	0.810634324883
Acanthurus_triostegus.middle_vs._Naso_lituratus.middle	0.784834567531	0.881469204931	0.810148945375	0.849966244848	0.948578117106	0.721846447093
Acanthurus_triostegus.middle_vs._Naso_unicornis._posterior	0.778502021073	0.847209606691	0.769493355382	0.628607901983
Acanthurus_triostegus.middle_vs._Acanthurus_triostegus.posterior	0.848679128371	0.760091411917	0.444780750523	0.666732572904
Acanthurus_triostegus.middle_vs._Naso_unicornis.anterior	0.841872810916	0.823040295221	0.762173659737	0.82330827734	0.817002250613	0.817399949661	0.884217828451	0.851227879658
Acanthurus_triostegus.middle_vs._Zebrasoma_flavescens.anterior	0.689288095872	0.695237931087
Acanthurus_triostegus.middle_vs._Acanthurus_leucoparieus.middle	0.814166383925	0.752970900053	0.883424222556	0.659183339266
Acanthurus_triostegus.middle_vs._Acanthurus.nigrofuscus.anterior	0.822394935869	0.799241048129	0.593094570861	0.812358114619	0.840145186446	0.898187215055
Acanthurus_triostegus.middle_vs._Naso_unicornis.stomach	0.79863515531	0.831219191234	0.720263619892	0.874388220602	0.765435159514	0.863979817367
Acanthurus_triostegus.middle_vs._Acanthurus_nigrofuscus.posterior	0.839611164158	0.827264463496	0.790369482475	0.774810796704	0.613088710702	0.932988649587
Acanthurus_triostegus.middle_vs._Naso_lituratus.anterior	0.836759941737	0.805898263706	0.857404140922	0.876818741388
Acanthurus_triostegus.middle_vs._Acanthurus_triostegus.stomach	0.723794089001	0.882888598255
Acanthurus_triostegus.middle_vs._Acanthurus_leucoparieus.posterior	0.775735267309	0.821502619751	0.813695460434	0.576865163614
Acanthurus_triostegus.middle_vs._Zebrasome_flavescens.stomach	0.712616641647	0.872251561226
Acanthurus_triostegus.middle_vs._Acanthurus_leucoparieus.anterior	0.890164574413	0.761134004006	0.948097102901	0.874968478271
Acanthurus_triostegus.middle_vs._Naso_lituratus.posterior	0.876580413504	0.811147959289	0.797298100492	0.925958340694	0.683811792308	0.700505975227
Acanthurus_triostegus.middle_vs._Zebrasoma_flavescens.posterior	0.806676379971	0.801069805382	0.558391130227	0.60086420417
Acanthurus_triostegus.middle_vs._Acanthurus_nigrofuscus.middle	0.890844951398	0.838570109199	0.95009291675	0.948822363945
Acanthurus_triostegus.middle_vs._Acanthurus_nigrofuscus.stomach	0.711066234043	0.792363356967	0.899690375085	0.825378493531
Acanthurus_triostegus.middle_vs._Naso_unicornis._middle	0.797621020638	0.808391031367
Acanthurus_triostegus.middle_vs._Naso_unicornis.middle	0.866156626477	0.760083317781	0.759443196988	0.811148094464	0.826662507816	0.794043543116	0.942512493913	0.802511465737	0.845111615533	0.769557677811	0.838328362197	0.907322471919
Naso_lituratus.stomach_vs._Naso_unicornis.posterior	0.941195376891	0.936596754424	0.896517392679	0.91022460381	0.64771924726	0.642257065744	0.676099699892	0.705585662624	0.840023029987	0.824738945993	0.786189866142	0.827974287978
Naso_lituratus.stomach_vs._Acanthurus_triostegus.anterior	0.894630739606	0.781749338292	0.696910619104
Naso_lituratus.stomach_vs._Acanthurus_leucoparieus.stomach	0.89923240474	0.652708069617	0.850278817263
Naso_lituratus.stomach_vs._Naso_unicornis._anterior	0.874640358297	0.674887319674	0.78761828412
Naso_lituratus.stomach_vs._Naso_lituratus.middle	0.824537216099	0.398008011184	0.919010762533	0.759001202356	0.929016675989	0.630882099457	0.77776886016	0.863476472626	0.821403199046
Naso_lituratus.stomach_vs._Naso_unicornis._posterior	0.878480402665	0.943640259694	0.707411789574	0.659030608707	0.7864627818	0.847879480141
Naso_lituratus.stomach_vs._Acanthurus_triostegus.posterior	0.948190361246	0.866248877727	0.591620574712	0.610925216769	0.881538300254	0.774161105191
Naso_lituratus.stomach_vs._Naso_unicornis.anterior	0.894764536693	0.895935322429	0.779992255075	0.849107722785	0.674854038856	0.690099061034	0.810191585552	0.72915250085	0.853163844774	0.849121081207	0.763032581487	0.811083955815
Naso_lituratus.stomach_vs._Zebrasoma_flavescens.anterior	0.897987799451	0.615152570555	0.758125252222
Naso_lituratus.stomach_vs._Acanthurus_leucoparieus.middle	0.700585431438	0.912607475424	0.810366633313	0.64870757465	0.814359170091	0.776491525123
Naso_lituratus.stomach_vs._Acanthurus.nigrofuscus.anterior	0.873735223706	0.862269780159	0.883327060595	0.699498292127	0.739718018773	0.848996893541	0.838896187177	0.806379988008	0.681772300863
Naso_lituratus.stomach_vs._Naso_unicornis.stomach	0.896458300946	0.889840416091	0.855680613459	0.732156071573	0.654806150942	0.798282929204	0.81394869582	0.837029183846	0.643404866289
Naso_lituratus.stomach_vs._Acanthurus_nigrofuscus.posterior	0.924285434864	0.930739252676	0.483051950776	0.589747504331	0.638768483111	0.916810759092	0.864442063469	0.835696736394	0.790520087851
Naso_lituratus.stomach_vs._Naso_lituratus.anterior	0.813849584795	0.830365515688	0.776933975284	0.769007594325	0.815408852867	0.793819318132
Naso_lituratus.stomach_vs._Acanthurus_triostegus.stomach	0.916399480897	0.87369569712	0.636987548769
Naso_lituratus.stomach_vs._Acanthurus_leucoparieus.posterior	0.868533326354	0.948222479247	0.710075164251	0.699981008866	0.802471429386	0.849711213564
Naso_lituratus.stomach_vs._Zebrasome_flavescens.stomach	0.869327071286	0.818710987381	0.628113741817
Naso_lituratus.stomach_vs._Acanthurus_leucoparieus.anterior	0.383216534547	0.828958770158	0.935294817613	0.782869872114	0.868983802189	0.791131838656
Naso_lituratus.stomach_vs._Naso_lituratus.posterior	0.408911554742	0.92492500838	0.918983539864	0.92786090104	0.628486590405	0.671841722156	0.860097000528	0.811275432878	0.825605138005
Naso_lituratus.stomach_vs._Zebrasoma_flavescens.posterior	0.930945636074	0.947342009337	0.712954356879	0.628256332701	0.847458059264	0.859150607595
Naso_lituratus.stomach_vs._Acanthurus_nigrofuscus.middle	0.36740068624	0.427540669961	0.940891674222	0.932066041216	0.873761715375	0.831158148091
Naso_lituratus.stomach_vs._Acanthurus_nigrofuscus.stomach	0.898894409788	0.882713338174	0.84346305448	0.730566923354	0.587785118655	0.789724344905
Naso_lituratus.stomach_vs._Naso_unicornis._middle	0.887739337011	0.711544478227	0.816067632202
Naso_lituratus.stomach_vs._Naso_unicornis.middle	0.388196240464	0.86622715673	0.820571317016	0.890901597235	0.860773055238	0.694486253841	0.926893825799	0.700404590885	0.755108938022	0.631222778102	0.73858312417	0.856502861147	0.860613850392	0.772555642915	0.762555224169	0.821208371286	0.831110032293	0.749302641247
Naso_unicornis.posterior_vs._Acanthurus_triostegus.anterior	0.766052251612	0.753375045942	0.753444209448	0.789306063087
Naso_unicornis.posterior_vs._Acanthurus_leucoparieus.stomach	0.764612392331	0.776838017845	0.710685159234	0.770988483983
Naso_unicornis.posterior_vs._Naso_unicornis._anterior	0.75514277789	0.757423940499	0.700973358785	0.772481499447
Naso_unicornis.posterior_vs._Naso_lituratus.middle	0.805122104199	0.935208640013	0.598074490439	0.798026540225	0.927359954757	0.61998356707	0.705079959685	0.887584302735	0.653410332704	0.773661843576	0.905973946043	0.691283858076
Naso_unicornis.posterior_vs._Naso_unicornis._posterior	0.720189258365	0.368446758922	0.707917224197	0.380329812577	0.660056606372	0.492549781244	0.711070952514	0.445848702224
Naso_unicornis.posterior_vs._Acanthurus_triostegus.posterior	0.583603733797	0.689177121767	0.622273847251	0.655150996428	0.68649381373	0.604198174647	0.643401392336	0.642237990172
Naso_unicornis.posterior_vs._Naso_unicornis.anterior	0.791906304259	0.776408644455	0.848807622878	0.793319757749	0.774490479971	0.780502699375	0.8428387169	0.802334389799	0.727285255865	0.761055961408	0.764983312225	0.724849636768	0.778811813556	0.808802618303	0.810691496756	0.751693321524
Naso_unicornis.posterior_vs._Zebrasoma_flavescens.anterior	0.691752613475	0.684448473654	0.670837360287	0.717040738046
Naso_unicornis.posterior_vs._Acanthurus_leucoparieus.middle	0.843962486375	0.683417584823	0.839383178579	0.673454013792	0.757015467406	0.665931167354	0.798545104453	0.68562179813
Naso_unicornis.posterior_vs._Acanthurus.nigrofuscus.anterior	0.778629765204	0.792854238015	0.871898172903	0.77786340488	0.775411241216	0.860666883773	0.677643602428	0.720204120042	0.831884461392	0.749900723958	0.779088231596	0.869335873
Naso_unicornis.posterior_vs._Naso_unicornis.stomach	0.798530602401	0.720666123697	0.810157560648	0.792672660645	0.753200462086	0.78309150509	0.767397682817	0.6813400531	0.751443492294	0.829254103457	0.712792089041	0.791493369456
Naso_unicornis.posterior_vs._Acanthurus_nigrofuscus.posterior	0.713631486425	0.691535569249	0.929874873276	0.720910573033	0.717708195392	0.922675189763	0.709495353775	0.69910265815	0.890187356178	0.741285749612	0.678375367222	0.907175134032
Naso_unicornis.posterior_vs._Naso_lituratus.anterior	0.824429283001	0.83051615442	0.813645242042	0.828286627403	0.740525652601	0.741369848741	0.767571721328	0.789413563867
Naso_unicornis.posterior_vs._Acanthurus_triostegus.stomach	0.884141485465	0.884158306688	0.86044437969	0.868806395916
Naso_unicornis.posterior_vs._Acanthurus_leucoparieus.posterior	0.780689899928	0.626038607348	0.768989985851	0.60967566038	0.725008610267	0.673661000942	0.781655814816	0.630568308804
Naso_unicornis.posterior_vs._Zebrasome_flavescens.stomach	0.858370036755	0.84740486755	0.797513595487	0.842059583416
Naso_unicornis.posterior_vs._Acanthurus_leucoparieus.anterior	0.940019463798	0.828295200894	0.932471353536	0.819259191239	0.889576375078	0.757910540713	0.905668733664	0.816260305931
Naso_unicornis.posterior_vs._Naso_lituratus.posterior	0.917705179472	0.401382556923	0.482099379765	0.911070009874	0.439497658268	0.441617783666	0.873578390588	0.475976552641	0.521804590235	0.879301920412	0.533687386692	0.515398777837
Naso_unicornis.posterior_vs._Zebrasoma_flavescens.posterior	0.573684409919	0.623555511373	0.580549507754	0.650393986498	0.63315380012	0.698857125351	0.561428847333	0.667303953323
Naso_unicornis.posterior_vs._Acanthurus_nigrofuscus.middle	0.945189060361	0.9390066248	0.937388774703	0.927749860879	0.897796740323	0.889509155329	0.906411011307	0.912169205471
Naso_unicornis.posterior_vs._Acanthurus_nigrofuscus.stomach	0.876214246472	0.80738072235	0.883125781655	0.793923403079	0.844406686353	0.754425898741	0.87637580162	0.779174928065
Naso_unicornis.posterior_vs._Naso_unicornis._middle	0.729943944418	0.736246776921	0.690587247743	0.764317739931
Naso_unicornis.posterior_vs._Naso_unicornis.middle	0.929002341956	0.738733574389	0.79703488442	0.709156534061	0.788560568778	0.878089704924	0.925271610542	0.722156159542	0.775910830231	0.671275456362	0.788997406005	0.859154619393	0.881062374715	0.660401186122	0.708986919823	0.651018619934	0.709710858903	0.811229443233	0.892398696639	0.720995757008	0.767136714287	0.679631932199	0.726993178977	0.848955740398
Acanthurus_triostegus.anterior_vs._Acanthurus_leucoparieus.stomach	0.823566775629
Acanthurus_triostegus.anterior_vs._Naso_unicornis._anterior	0.7410185569
Acanthurus_triostegus.anterior_vs._Naso_lituratus.middle	0.769468891436	0.880391798811	0.76504182361
Acanthurus_triostegus.anterior_vs._Naso_unicornis._posterior	0.732168518991	0.787412206551
Acanthurus_triostegus.anterior_vs._Acanthurus_triostegus.posterior	0.8065295295	0.719424461822
Acanthurus_triostegus.anterior_vs._Naso_unicornis.anterior	0.815225917014	0.797032914825	0.759868626959	0.802560459962
Acanthurus_triostegus.anterior_vs._Zebrasoma_flavescens.anterior	0.606046614659
Acanthurus_triostegus.anterior_vs._Acanthurus_leucoparieus.middle	0.794633991418	0.707477573353
Acanthurus_triostegus.anterior_vs._Acanthurus.nigrofuscus.anterior	0.809300329643	0.778874638525	0.630480371488
Acanthurus_triostegus.anterior_vs._Naso_unicornis.stomach	0.758159058274	0.804766726364	0.697390943266
Acanthurus_triostegus.anterior_vs._Acanthurus_nigrofuscus.posterior	0.810699834325	0.807037649642	0.810901011468
Acanthurus_triostegus.anterior_vs._Naso_lituratus.anterior	0.821114713581	0.781303576863
Acanthurus_triostegus.anterior_vs._Acanthurus_triostegus.stomach	0.748652872527
Acanthurus_triostegus.anterior_vs._Acanthurus_leucoparieus.posterior	0.753176116259	0.772203905235
Acanthurus_triostegus.anterior_vs._Zebrasome_flavescens.stomach	0.709532385566
Acanthurus_triostegus.anterior_vs._Acanthurus_leucoparieus.anterior	0.894947272736	0.757861620649
Acanthurus_triostegus.anterior_vs._Naso_lituratus.posterior	0.880811519354	0.749797716192	0.750496829324
Acanthurus_triostegus.anterior_vs._Zebrasoma_flavescens.posterior	0.719170564797	0.766862429305
Acanthurus_triostegus.anterior_vs._Acanthurus_nigrofuscus.middle	0.898647408048	0.852447933365
Acanthurus_triostegus.anterior_vs._Acanthurus_nigrofuscus.stomach	0.736202543391	0.787426205876
Acanthurus_triostegus.anterior_vs._Naso_unicornis._middle	0.765002102105
Acanthurus_triostegus.anterior_vs._Naso_unicornis.middle	0.881499046059	0.748346837154	0.747096581605	0.788125361755	0.809992476647	0.769707063056
Acanthurus_leucoparieus.stomach_vs._Naso_unicornis._anterior	0.623534808484
Acanthurus_leucoparieus.stomach_vs._Naso_lituratus.middle	0.680019016872	0.894650274031	0.688022078763
Acanthurus_leucoparieus.stomach_vs._Naso_unicornis._posterior	0.64090065873	0.8148937509
Acanthurus_leucoparieus.stomach_vs._Acanthurus_triostegus.posterior	0.823188418154	0.686947109857
Acanthurus_leucoparieus.stomach_vs._Naso_unicornis.anterior	0.578564781966	0.631205677417	0.729483437338	0.606114710421
Acanthurus_leucoparieus.stomach_vs._Zebrasoma_flavescens.anterior	0.74232773374
Acanthurus_leucoparieus.stomach_vs._Acanthurus_leucoparieus.middle	0.71482001174	0.701917835937
Acanthurus_leucoparieus.stomach_vs._Acanthurus.nigrofuscus.anterior	0.516963450679	0.63527064874	0.847227220095
Acanthurus_leucoparieus.stomach_vs._Naso_unicornis.stomach	0.666473852964	0.494002050944	0.809525780823
Acanthurus_leucoparieus.stomach_vs._Acanthurus_nigrofuscus.posterior	0.606773446299	0.735447068116	0.910550697859
Acanthurus_leucoparieus.stomach_vs._Naso_lituratus.anterior	0.693125575472	0.643988018488
Acanthurus_leucoparieus.stomach_vs._Acanthurus_triostegus.stomach	0.875098630225
Acanthurus_leucoparieus.stomach_vs._Acanthurus_leucoparieus.posterior	0.696596272397	0.831631717985
Acanthurus_leucoparieus.stomach_vs._Zebrasome_flavescens.stomach	0.808184845328
Acanthurus_leucoparieus.stomach_vs._Acanthurus_leucoparieus.anterior	0.903240237844	0.70634328382
Acanthurus_leucoparieus.stomach_vs._Naso_lituratus.posterior	0.91180430354	0.71662671517	0.764030193211
Acanthurus_leucoparieus.stomach_vs._Zebrasoma_flavescens.posterior	0.828932475449	0.808850844586
Acanthurus_leucoparieus.stomach_vs._Acanthurus_nigrofuscus.middle	0.905556409814	0.896429385119
Acanthurus_leucoparieus.stomach_vs._Acanthurus_nigrofuscus.stomach	0.820275775976	0.614518038847
Acanthurus_leucoparieus.stomach_vs._Naso_unicornis._middle	0.606929357418
Acanthurus_leucoparieus.stomach_vs._Naso_unicornis.middle	0.892428776971	0.681461840709	0.725177621803	0.533799773462	0.617990664336	0.846697229501
Naso_unicornis._anterior_vs._Naso_lituratus.middle	0.623307803793	0.866776487355	0.682894303853
Naso_unicornis._anterior_vs._Naso_unicornis._posterior	0.576466353804	0.797715027419
Naso_unicornis._anterior_vs._Acanthurus_triostegus.posterior	0.795380465526	0.648186771629
Naso_unicornis._anterior_vs._Naso_unicornis.anterior	0.615624862423	0.664561839547	0.649788033336	0.605434893781
Naso_unicornis._anterior_vs._Zebrasoma_flavescens.anterior	0.656268657982
Naso_unicornis._anterior_vs._Acanthurus_leucoparieus.middle	0.667484830527	0.663819966089
Naso_unicornis._anterior_vs._Acanthurus.nigrofuscus.anterior	0.603523712546	0.55473905577	0.769378211586
Naso_unicornis._anterior_vs._Naso_unicornis.stomach	0.610285931673	0.608480419272	0.737760946973
Naso_unicornis._anterior_vs._Acanthurus_nigrofuscus.posterior	0.67689573705	0.72802528561	0.870151930245
Naso_unicornis._anterior_vs._Naso_lituratus.anterior	0.673154945471	0.629800283911
Naso_unicornis._anterior_vs._Acanthurus_triostegus.stomach	0.839097390487
Naso_unicornis._anterior_vs._Acanthurus_leucoparieus.posterior	0.593141875811	0.816601892666
Naso_unicornis._anterior_vs._Zebrasome_flavescens.stomach	0.725837694644
Naso_unicornis._anterior_vs._Acanthurus_leucoparieus.anterior	0.880076095836	0.605894891571
Naso_unicornis._anterior_vs._Naso_lituratus.posterior	0.883971768144	0.717064636339	0.752647291822
Naso_unicornis._anterior_vs._Zebrasoma_flavescens.posterior	0.79692492939	0.790425322393
Naso_unicornis._anterior_vs._Acanthurus_nigrofuscus.middle	0.883397655222	0.86524966623
Naso_unicornis._anterior_vs._Acanthurus_nigrofuscus.stomach	0.760922200419	0.628713677205
Naso_unicornis._anterior_vs._Naso_unicornis._middle	0.594426999509
Naso_unicornis._anterior_vs._Naso_unicornis.middle	0.860327251615	0.611016157479	0.591771702299	0.6017450967	0.619520310864	0.760624315035
Naso_lituratus.middle_vs._Naso_unicornis._posterior	0.627895659171	0.838961865182	0.858728549576	0.937834415963	0.634673933545	0.644912471986
Naso_lituratus.middle_vs._Acanthurus_triostegus.posterior	0.84897629909	0.648059546906	0.942729277066	0.85491713569	0.721261303775	0.6706965893
Naso_lituratus.middle_vs._Naso_unicornis.anterior	0.657027301071	0.689534774505	0.610429130937	0.601784127765	0.881650434276	0.888801567967	0.780264850231	0.838502190729	0.737417424464	0.690489822131	0.774267647648	0.724646532888
Naso_lituratus.middle_vs._Zebrasoma_flavescens.anterior	0.700293714872	0.88542664609	0.684951143927
Naso_lituratus.middle_vs._Acanthurus_leucoparieus.middle	0.612761049595	0.734701952999	0.695150691034	0.903149985317	0.782305469159	0.643459736889
Naso_lituratus.middle_vs._Acanthurus.nigrofuscus.anterior	0.648634107014	0.631048064884	0.788821858783	0.86485820743	0.851839857899	0.872945593584	0.693011770068	0.727801736026	0.833932133347
Naso_lituratus.middle_vs._Naso_unicornis.stomach	0.667493208841	0.645291124136	0.724321251441	0.889876101054	0.87707789213	0.84428712321	0.696433276598	0.673950626487	0.781991842847
Naso_lituratus.middle_vs._Acanthurus_nigrofuscus.posterior	0.70744060213	0.794058318913	0.833859591885	0.911375667978	0.920835741055	0.468462438518	0.600098674423	0.690512265234	0.901686601637
Naso_lituratus.middle_vs._Naso_lituratus.anterior	0.596242265608	0.584773126282	0.806685073157	0.82126951906	0.766321686919	0.759648246679
Naso_lituratus.middle_vs._Acanthurus_triostegus.stomach	0.856001481987	0.91363850586	0.862182415721
Naso_lituratus.middle_vs._Acanthurus_leucoparieus.posterior	0.652613415755	0.855081307256	0.860431868716	0.946204785334	0.700624026367	0.721920828083
Naso_lituratus.middle_vs._Zebrasome_flavescens.stomach	0.729571123363	0.859407034463	0.811357793072
Naso_lituratus.middle_vs._Acanthurus_leucoparieus.anterior	0.825861118314	0.623144980058	0.393267115022	0.82384559974	0.913955093237	0.764169809587
Naso_lituratus.middle_vs._Naso_lituratus.posterior	0.82347255148	0.76097937838	0.785355816127	0.402083513702	0.914855889516	0.914121407363	0.909675217416	0.563936897076	0.612061930524
Naso_lituratus.middle_vs._Zebrasoma_flavescens.posterior	0.833936159148	0.843999615584	0.928149060438	0.942753213305	0.745256671373	0.679063353535
Naso_lituratus.middle_vs._Acanthurus_nigrofuscus.middle	0.826027527994	0.808906869403	0.376132201744	0.421772996025	0.920634771287	0.905862189735
Naso_lituratus.middle_vs._Acanthurus_nigrofuscus.stomach	0.782004129131	0.63275579952	0.893792093739	0.873496624733	0.836281365288	0.728442184124
Naso_lituratus.middle_vs._Naso_unicornis._middle	0.641124581234	0.881865989852	0.670064726917
Naso_lituratus.middle_vs._Naso_unicornis.middle	0.807835538041	0.617935175091	0.596980939861	0.647224469607	0.607085355926	0.708938070694	0.395822636201	0.85420333956	0.808830444258	0.882662226503	0.850130854419	0.690565536995	0.902582063607	0.670111528874	0.722823587302	0.591820207037	0.731259182725	0.835786902561
Naso_unicornis._posterior_vs._Acanthurus_triostegus.posterior	0.789339496894	0.589759299505	0.594233216915	0.691097157781
Naso_unicornis._posterior_vs._Naso_unicornis.anterior	0.694546754117	0.679309890926	0.673678115391	0.640160897321	0.826686331626	0.819494074088	0.873487511581	0.838280740006
Naso_unicornis._posterior_vs._Zebrasoma_flavescens.anterior	0.65454435574	0.70981588094
Naso_unicornis._posterior_vs._Acanthurus_leucoparieus.middle	0.687488054561	0.624608627857	0.865777738449	0.699291144906
Naso_unicornis._posterior_vs._Acanthurus.nigrofuscus.anterior	0.645112294283	0.622889291205	0.780669881919	0.794790562868	0.83221071755	0.886552058399
Naso_unicornis._posterior_vs._Naso_unicornis.stomach	0.627983143237	0.589350830405	0.71214359518	0.848227122615	0.796228900085	0.814158329284
Naso_unicornis._posterior_vs._Acanthurus_nigrofuscus.posterior	0.676270756813	0.719007704308	0.861300178934	0.743662805604	0.705438594202	0.928394000211
Naso_unicornis._posterior_vs._Naso_lituratus.anterior	0.675817003454	0.616636213971	0.851889956823	0.860432007165
Naso_unicornis._posterior_vs._Acanthurus_triostegus.stomach	0.838465152904	0.889274671305
Naso_unicornis._posterior_vs._Acanthurus_leucoparieus.posterior	0.586492733568	0.782728015863	0.80055148255	0.587048766726
Naso_unicornis._posterior_vs._Zebrasome_flavescens.stomach	0.743937182428	0.87686726494
Naso_unicornis._posterior_vs._Acanthurus_leucoparieus.anterior	0.873043304258	0.633160832043	0.936820734339	0.854600107079
Naso_unicornis._posterior_vs._Naso_lituratus.posterior	0.864810100744	0.683119791323	0.711350989194	0.912808886368	0.422147834659	0.430696774778
Naso_unicornis._posterior_vs._Zebrasoma_flavescens.posterior	0.760467295698	0.751244635859	0.577412134927	0.622796886593
Naso_unicornis._posterior_vs._Acanthurus_nigrofuscus.middle	0.878053407878	0.861413102407	0.940799698345	0.938699229056
Naso_unicornis._posterior_vs._Acanthurus_nigrofuscus.stomach	0.784864287491	0.650132103386	0.898650555439	0.82792699453
Naso_unicornis._posterior_vs._Naso_unicornis._middle	0.575223546756	0.77861302141
Naso_unicornis._posterior_vs._Naso_unicornis.middle	0.85762420905	0.544666078528	0.621734089173	0.605378302865	0.621809616123	0.751475528534	0.931011059648	0.768669423814	0.806635013549	0.705052521799	0.824675669577	0.884849644915
Acanthurus_triostegus.posterior_vs._Naso_unicornis.anterior	0.818763719767	0.808051470353	0.875815490826	0.844210422992	0.688949981382	0.711013829436	0.68765499841	0.669939410446
Acanthurus_triostegus.posterior_vs._Zebrasoma_flavescens.anterior	0.649583347842	0.559920790846
Acanthurus_triostegus.posterior_vs._Acanthurus_leucoparieus.middle	0.871834150559	0.67003206631	0.698366326582	0.609280203791
Acanthurus_triostegus.posterior_vs._Acanthurus.nigrofuscus.anterior	0.805887750362	0.846263736601	0.899552072227	0.643882819904	0.660711136323	0.797165724659
Acanthurus_triostegus.posterior_vs._Naso_unicornis.stomach	0.855159240335	0.796294544885	0.858575886453	0.712796934471	0.631085620796	0.704525807216
Acanthurus_triostegus.posterior_vs._Acanthurus_nigrofuscus.posterior	0.767473371461	0.681245479938	0.929836437413	0.682091009273	0.695314416641	0.842790279897
Acanthurus_triostegus.posterior_vs._Naso_lituratus.anterior	0.878936304704	0.878588796059	0.671188819143	0.664674453593
Acanthurus_triostegus.posterior_vs._Acanthurus_triostegus.stomach	0.882794482988	0.827293207311
Acanthurus_triostegus.posterior_vs._Acanthurus_leucoparieus.posterior	0.794529896637	0.581335067023	0.637811741385	0.687576220655
Acanthurus_triostegus.posterior_vs._Zebrasome_flavescens.stomach	0.860107471773	0.739124596452
Acanthurus_triostegus.posterior_vs._Acanthurus_leucoparieus.anterior	0.944546888005	0.866170677299	0.858599503088	0.69812940881
Acanthurus_triostegus.posterior_vs._Naso_lituratus.posterior	0.924558145088	0.624890255075	0.640207449235	0.844010632114	0.650810937104	0.649397494204
Acanthurus_triostegus.posterior_vs._Zebrasoma_flavescens.posterior	0.560708875788	0.602603452011	0.67903843885	0.702613593254
Acanthurus_triostegus.posterior_vs._Acanthurus_nigrofuscus.middle	0.950324396159	0.942841517142	0.868294511027	0.848223488371
Acanthurus_triostegus.posterior_vs._Acanthurus_nigrofuscus.stomach	0.900215247969	0.83270049421	0.809399780614	0.654969182896
Acanthurus_triostegus.posterior_vs._Naso_unicornis._middle	0.813051075058	0.639621036687
Acanthurus_triostegus.posterior_vs._Naso_unicornis.middle	0.940753159522	0.818934432187	0.845076948802	0.782119669257	0.850980642374	0.896001939302	0.849086906897	0.620431677574	0.644061742377	0.629288272765	0.644617304412	0.753123512707
Naso_unicornis.anterior_vs._Zebrasoma_flavescens.anterior	0.726547486243	0.716622910859	0.739236964574	0.715896688409
Naso_unicornis.anterior_vs._Acanthurus_leucoparieus.middle	0.72218845796	0.747341089606	0.735866093029	0.757818562103	0.643313579821	0.765651404918	0.651083040104	0.735110153485
Naso_unicornis.anterior_vs._Acanthurus.nigrofuscus.anterior	0.558836957942	0.629531437891	0.841402121762	0.679806724671	0.682544593171	0.835281028191	0.714353852888	0.644869198462	0.766147537573	0.580772010317	0.602632860025	0.8197815555
Naso_unicornis.anterior_vs._Naso_unicornis.stomach	0.692657472866	0.576797390088	0.800595625884	0.655163968134	0.646147291804	0.805136173565	0.693264587277	0.711634678284	0.72447790294	0.679660132692	0.579389049096	0.777820468705
Naso_unicornis.anterior_vs._Acanthurus_nigrofuscus.posterior	0.60677008131	0.744535014801	0.903933250765	0.645774142225	0.755144214795	0.896912725316	0.775080038748	0.827414405641	0.788195494333	0.680073647324	0.783003395579	0.861594899012
Naso_unicornis.anterior_vs._Naso_lituratus.anterior	0.685606233933	0.675627908205	0.747500195613	0.704297817332	0.637423197237	0.603882073026	0.598998839057	0.60006359432
Naso_unicornis.anterior_vs._Acanthurus_triostegus.stomach	0.884036019483	0.884599031583	0.835531132291	0.863813426039
Naso_unicornis.anterior_vs._Acanthurus_leucoparieus.posterior	0.696934497676	0.834728895426	0.654983357846	0.843883284815	0.66935940706	0.88032317172	0.686698243567	0.861093630439
Naso_unicornis.anterior_vs._Zebrasome_flavescens.stomach	0.807981623971	0.798468253238	0.696808584043	0.755323016172
Naso_unicornis.anterior_vs._Acanthurus_leucoparieus.anterior	0.893907044449	0.713470180428	0.898096300166	0.676412425397	0.785647445409	0.651988252917	0.847050513289	0.647135287464
Naso_unicornis.anterior_vs._Naso_lituratus.posterior	0.899746755179	0.756939395311	0.772956414502	0.899152368772	0.761128471691	0.763392327417	0.795319052112	0.818022525844	0.813567572599	0.859074217637	0.745827821661	0.783414846514
Naso_unicornis.anterior_vs._Zebrasoma_flavescens.posterior	0.833150742612	0.836862624362	0.832468021203	0.806328512501	0.861847514245	0.87123551958	0.828471925613	0.842514212795
Naso_unicornis.anterior_vs._Acanthurus_nigrofuscus.middle	0.896175428875	0.89248585402	0.902547967637	0.894436169655	0.787754699554	0.77447864063	0.851714159583	0.84371633512
Naso_unicornis.anterior_vs._Acanthurus_nigrofuscus.stomach	0.844295193838	0.648282481536	0.822975661714	0.710243669448	0.747894852179	0.697457672004	0.810158329235	0.597642127305
Naso_unicornis.anterior_vs._Naso_unicornis._middle	0.62811229294	0.688059181499	0.700669704563	0.621778618962
Naso_unicornis.anterior_vs._Naso_unicornis.middle	0.886330152218	0.697337400445	0.722623821809	0.603456997198	0.605917721641	0.827477998874	0.880843321815	0.691884713719	0.715477213479	0.662398318203	0.711615031051	0.808719107003	0.759635649028	0.658922321612	0.617744196842	0.728765335721	0.654747113185	0.654473592721	0.83337961886	0.630528376111	0.661204543674	0.599169838881	0.574514263857	0.768022481579
Zebrasoma_flavescens.anterior_vs._Acanthurus_leucoparieus.middle	0.74232026793	0.590718365916
Zebrasoma_flavescens.anterior_vs._Acanthurus.nigrofuscus.anterior	0.697079878998	0.699544865972	0.756548601042
Zebrasoma_flavescens.anterior_vs._Naso_unicornis.stomach	0.695077854157	0.721527767889	0.706663547091
Zebrasoma_flavescens.anterior_vs._Acanthurus_nigrofuscus.posterior	0.703144961271	0.690873158056	0.85995687593
Zebrasoma_flavescens.anterior_vs._Naso_lituratus.anterior	0.739636376585	0.700520047775
Zebrasoma_flavescens.anterior_vs._Acanthurus_triostegus.stomach	0.803920123548
Zebrasoma_flavescens.anterior_vs._Acanthurus_leucoparieus.posterior	0.664828668739	0.687140528719
Zebrasoma_flavescens.anterior_vs._Zebrasome_flavescens.stomach	0.72801284159
Zebrasoma_flavescens.anterior_vs._Acanthurus_leucoparieus.anterior	0.899530604378	0.708598725356
Zebrasoma_flavescens.anterior_vs._Naso_lituratus.posterior	0.885864633715	0.665254017985	0.677414858437
Zebrasoma_flavescens.anterior_vs._Zebrasoma_flavescens.posterior	0.669941761257	0.668418016611
Zebrasoma_flavescens.anterior_vs._Acanthurus_nigrofuscus.middle	0.90114290491	0.87580841698
Zebrasoma_flavescens.anterior_vs._Acanthurus_nigrofuscus.stomach	0.775731659176	0.689203871747
Zebrasoma_flavescens.anterior_vs._Naso_unicornis._middle	0.70204437015
Zebrasoma_flavescens.anterior_vs._Naso_unicornis.middle	0.881869863937	0.655950688593	0.686601846121	0.693989528922	0.721305931992	0.778034015288
Acanthurus_leucoparieus.middle_vs._Acanthurus.nigrofuscus.anterior	0.670149579024	0.676889077591	0.811262406785	0.711391912699	0.717017942705	0.766545676307
Acanthurus_leucoparieus.middle_vs._Naso_unicornis.stomach	0.749774766156	0.694753405369	0.754717904653	0.74780659377	0.69953805235	0.737168126669
Acanthurus_leucoparieus.middle_vs._Acanthurus_nigrofuscus.posterior	0.771888256557	0.808960270009	0.73582352681	0.720545532137	0.594594893942	0.867884376421
Acanthurus_leucoparieus.middle_vs._Naso_lituratus.anterior	0.639531708686	0.637481291426	0.762063782754	0.749316284192
Acanthurus_leucoparieus.middle_vs._Acanthurus_triostegus.stomach	0.863874172979	0.780782197739
Acanthurus_leucoparieus.middle_vs._Acanthurus_leucoparieus.posterior	0.706001533492	0.881128766957	0.685355826439	0.66270824354
Acanthurus_leucoparieus.middle_vs._Zebrasome_flavescens.stomach	0.770588854804	0.748961072589
Acanthurus_leucoparieus.middle_vs._Acanthurus_leucoparieus.anterior	0.703130794983	0.665314199599	0.909745264343	0.74088570317
Acanthurus_leucoparieus.middle_vs._Naso_lituratus.posterior	0.720252118573	0.802072627868	0.829185874314	0.900302683323	0.645967534241	0.67440424938
Acanthurus_leucoparieus.middle_vs._Zebrasoma_flavescens.posterior	0.851489010312	0.871012961887	0.678452802001	0.686363021022
Acanthurus_leucoparieus.middle_vs._Acanthurus_nigrofuscus.middle	0.699844273554	0.707045987988	0.913211487897	0.881861403174
Acanthurus_leucoparieus.middle_vs._Acanthurus_nigrofuscus.stomach	0.81877953214	0.701559471899	0.769903679944	0.695888105896
Acanthurus_leucoparieus.middle_vs._Naso_unicornis._middle	0.722478772409	0.667406711973
Acanthurus_leucoparieus.middle_vs._Naso_unicornis.middle	0.681857404621	0.708159741097	0.65298313675	0.70168254283	0.659617984913	0.705259330637	0.897057567427	0.67446590403	0.723118115986	0.655074733901	0.7316749495	0.817868542511
Acanthurus.nigrofuscus.anterior_vs._Naso_unicornis.stomach	0.673571666604	0.51719990656	0.774526487134	0.635545527538	0.57457457413	0.755611972709	0.802489904872	0.837980689086	0.73342469733
Acanthurus.nigrofuscus.anterior_vs._Acanthurus_nigrofuscus.posterior	0.618257119079	0.738891944537	0.884092312094	0.686034635987	0.75318919747	0.869417364939	0.855544005799	0.831500018595	0.766075311557
Acanthurus.nigrofuscus.anterior_vs._Naso_lituratus.anterior	0.635831188324	0.620946773455	0.630563587066	0.606723986066	0.824699241736	0.799263747055
Acanthurus.nigrofuscus.anterior_vs._Acanthurus_triostegus.stomach	0.862852287851	0.862508432458	0.714100722143
Acanthurus.nigrofuscus.anterior_vs._Acanthurus_leucoparieus.posterior	0.670749701661	0.832272290689	0.61944582518	0.816431937293	0.792163119936	0.878561692863
Acanthurus.nigrofuscus.anterior_vs._Zebrasome_flavescens.stomach	0.784149105956	0.745164525991	0.687635117485
Acanthurus.nigrofuscus.anterior_vs._Acanthurus_leucoparieus.anterior	0.874440837042	0.681637548125	0.866350404368	0.641741716375	0.888825192107	0.792908003772
Acanthurus.nigrofuscus.anterior_vs._Naso_lituratus.posterior	0.882511948244	0.715838613194	0.762383477085	0.871046130805	0.7559666351	0.776233979446	0.884197618622	0.850717200783	0.844918735308
Acanthurus.nigrofuscus.anterior_vs._Zebrasoma_flavescens.posterior	0.820023512372	0.806442883923	0.817414029673	0.816635621982	0.863491768565	0.86554327358
Acanthurus.nigrofuscus.anterior_vs._Acanthurus_nigrofuscus.middle	0.877296938531	0.866191809259	0.869151321175	0.852900090115	0.88635978072	0.827938030412
Acanthurus.nigrofuscus.anterior_vs._Acanthurus_nigrofuscus.stomach	0.818908086224	0.591501191422	0.803323114683	0.604610229132	0.662653079876	0.793949313554
Acanthurus.nigrofuscus.anterior_vs._Naso_unicornis._middle	0.620029925015	0.595984682829	0.811331883117
Acanthurus.nigrofuscus.anterior_vs._Naso_unicornis.middle	0.858748781143	0.658499308783	0.68367330781	0.583366049437	0.571109608063	0.808621920422	0.844212943848	0.608954434463	0.627414474258	0.63141604892	0.587368835923	0.763648219731	0.866436615056	0.791209043365	0.775610736026	0.818807333422	0.826870779936	0.792909092357
Naso_unicornis.stomach_vs._Acanthurus_nigrofuscus.posterior	0.688510431303	0.824513970296	0.90044764492	0.552035531623	0.704046105776	0.893911584458	0.821785650026	0.805430773848	0.807339209146
Naso_unicornis.stomach_vs._Naso_lituratus.anterior	0.709869043397	0.642974528652	0.626897601595	0.638442675494	0.760706044511	0.732436510765
Naso_unicornis.stomach_vs._Acanthurus_triostegus.stomach	0.88875684036	0.866367859397	0.759091938279
Naso_unicornis.stomach_vs._Acanthurus_leucoparieus.posterior	0.611430040037	0.867780959438	0.64046313	0.815498646291	0.734032958167	0.835756008411
Naso_unicornis.stomach_vs._Zebrasome_flavescens.stomach	0.76842407428	0.7920628004	0.6629358408
Naso_unicornis.stomach_vs._Acanthurus_leucoparieus.anterior	0.900652317828	0.623580673636	0.892511504099	0.694878342657	0.852719417937	0.712199928748
Naso_unicornis.stomach_vs._Naso_lituratus.posterior	0.908563314391	0.758007922193	0.775448589754	0.896448215995	0.687077569882	0.752065715484	0.842779286043	0.787330409325	0.794398269278
Naso_unicornis.stomach_vs._Zebrasoma_flavescens.posterior	0.865774914727	0.839937432621	0.792809299481	0.783495556381	0.820731621814	0.826426095829
Naso_unicornis.stomach_vs._Acanthurus_nigrofuscus.middle	0.903404955357	0.885593825434	0.893383904137	0.886356340133	0.8577232972	0.824763843344
Naso_unicornis.stomach_vs._Acanthurus_nigrofuscus.stomach	0.798295070844	0.699895486769	0.824037982333	0.613049843487	0.690201264367	0.743811095839
Naso_unicornis.stomach_vs._Naso_unicornis._middle	0.589033349559	0.564108434668	0.754946175256
Naso_unicornis.stomach_vs._Naso_unicornis.middle	0.8812635555	0.60896967936	0.624511302421	0.693539687663	0.685499071579	0.767663082944	0.881623034484	0.650142037502	0.687836581428	0.563296836628	0.57963177546	0.819583370649	0.841602108751	0.688570732646	0.684176629456	0.766923832133	0.780033971138	0.695018186186
Acanthurus_nigrofuscus.posterior_vs._Naso_lituratus.anterior	0.726405315406	0.715529908868	0.804793359542	0.806849896074	0.830801761906	0.845380856597
Acanthurus_nigrofuscus.posterior_vs._Acanthurus_triostegus.stomach	0.875898130635	0.8390046552	0.842037903124
Acanthurus_nigrofuscus.posterior_vs._Acanthurus_leucoparieus.posterior	0.69627589845	0.792675901983	0.772616597206	0.671440933565	0.864730837455	0.923283649643
Acanthurus_nigrofuscus.posterior_vs._Zebrasome_flavescens.stomach	0.821947902613	0.806229599787	0.807613235001
Acanthurus_nigrofuscus.posterior_vs._Acanthurus_leucoparieus.anterior	0.918253396604	0.761921820856	0.925149233637	0.820888428555	0.474504523249	0.836696812696
Acanthurus_nigrofuscus.posterior_vs._Naso_lituratus.posterior	0.919116809273	0.655704063214	0.715012570033	0.921015815845	0.711482982669	0.752398838609	0.477816130973	0.908761546188	0.913096214773
Acanthurus_nigrofuscus.posterior_vs._Zebrasoma_flavescens.posterior	0.798839952081	0.737469432762	0.692283034469	0.678630612049	0.915155951709	0.921053834149
Acanthurus_nigrofuscus.posterior_vs._Acanthurus_nigrofuscus.middle	0.92342866535	0.910145422203	0.924035572455	0.913974183951	0.47311802654	0.437682150593
Acanthurus_nigrofuscus.posterior_vs._Acanthurus_nigrofuscus.stomach	0.852675873465	0.682425123743	0.829695100057	0.728001301972	0.824129071431	0.871804504086
Acanthurus_nigrofuscus.posterior_vs._Naso_unicornis._middle	0.663829621364	0.758087543131	0.892445483085
Acanthurus_nigrofuscus.posterior_vs._Naso_unicornis.middle	0.91363317757	0.720421196817	0.7497297621	0.592579000232	0.66030892889	0.861986022844	0.916402116686	0.750264290627	0.777062417258	0.68743888178	0.740132044806	0.870983888777	0.487059226985	0.85805994228	0.821399588131	0.892023603728	0.871591823794	0.701079728148
Naso_lituratus.anterior_vs._Acanthurus_triostegus.stomach	0.865335566304	0.849653162022
Naso_lituratus.anterior_vs._Acanthurus_leucoparieus.posterior	0.688793422275	0.863274077091	0.634762978637	0.869283864402
Naso_lituratus.anterior_vs._Zebrasome_flavescens.stomach	0.762087282712	0.746009117039
Naso_lituratus.anterior_vs._Acanthurus_leucoparieus.anterior	0.812633629455	0.697348563869	0.832579199698	0.627490914669
Naso_lituratus.anterior_vs._Naso_lituratus.posterior	0.82707365713	0.796988966505	0.800714370244	0.840860415253	0.778179307739	0.813775786846
Naso_lituratus.anterior_vs._Zebrasoma_flavescens.posterior	0.832339201143	0.860904866006	0.843485766963	0.860962213244
Naso_lituratus.anterior_vs._Acanthurus_nigrofuscus.middle	0.81455856836	0.811740766474	0.832233994146	0.822556851425
Naso_lituratus.anterior_vs._Acanthurus_nigrofuscus.stomach	0.811285559274	0.651633679955	0.789072245911	0.607130604937
Naso_lituratus.anterior_vs._Naso_unicornis._middle	0.668904840709	0.647806824346
Naso_lituratus.anterior_vs._Naso_unicornis.middle	0.798524302256	0.645313904597	0.639984173393	0.688306228364	0.576854759155	0.75290511363	0.811665614782	0.630773770047	0.613201437141	0.654480663929	0.543477566277	0.72131116526
Acanthurus_triostegus.stomach_vs._Acanthurus_leucoparieus.posterior	0.854575316942	0.867690882041
Acanthurus_triostegus.stomach_vs._Zebrasome_flavescens.stomach	0.656660274649
Acanthurus_triostegus.stomach_vs._Acanthurus_leucoparieus.anterior	0.919173743605	0.858214642537
Acanthurus_triostegus.stomach_vs._Naso_lituratus.posterior	0.910966756858	0.874371271685	0.877496800548
Acanthurus_triostegus.stomach_vs._Zebrasoma_flavescens.posterior	0.866033991787	0.868173690452
Acanthurus_triostegus.stomach_vs._Acanthurus_nigrofuscus.middle	0.914730645516	0.882834930669
Acanthurus_triostegus.stomach_vs._Acanthurus_nigrofuscus.stomach	0.593533220111	0.824414602156
Acanthurus_triostegus.stomach_vs._Naso_unicornis._middle	0.859792548602
Acanthurus_triostegus.stomach_vs._Naso_unicornis.middle	0.907784416517	0.835394362762	0.854255882751	0.85887275664	0.862373424014	0.864629867117
Acanthurus_leucoparieus.posterior_vs._Zebrasome_flavescens.stomach	0.752944620937	0.862250422586
Acanthurus_leucoparieus.posterior_vs._Acanthurus_leucoparieus.anterior	0.872959486117	0.641759526684	0.946982279667	0.869235117564
Acanthurus_leucoparieus.posterior_vs._Naso_lituratus.posterior	0.873817399014	0.731749586741	0.744102878838	0.923813379471	0.639144462952	0.648651910178
Acanthurus_leucoparieus.posterior_vs._Zebrasoma_flavescens.posterior	0.808909554695	0.797465356775	0.522954793305	0.59369000064
Acanthurus_leucoparieus.posterior_vs._Acanthurus_nigrofuscus.middle	0.875805301444	0.859561374358	0.94772698082	0.936997375893
Acanthurus_leucoparieus.posterior_vs._Acanthurus_nigrofuscus.stomach	0.778710668341	0.665648720434	0.882305152749	0.824822922791
Acanthurus_leucoparieus.posterior_vs._Naso_unicornis._middle	0.629262637801	0.807394875907
Acanthurus_leucoparieus.posterior_vs._Naso_unicornis.middle	0.849883428835	0.622328942151	0.636714422319	0.654619762404	0.67752770114	0.734590965415	0.943252617781	0.797160014079	0.836950889487	0.783341047256	0.8543353036	0.883215492749
Zebrasome_flavescens.stomach_vs._Acanthurus_leucoparieus.anterior	0.872396773092	0.735739176078
Zebrasome_flavescens.stomach_vs._Naso_lituratus.posterior	0.871472229549	0.8293496902	0.833097115821
Zebrasome_flavescens.stomach_vs._Zebrasoma_flavescens.posterior	0.844735177414	0.848127216389
Zebrasome_flavescens.stomach_vs._Acanthurus_nigrofuscus.middle	0.870186311185	0.834561528947
Zebrasome_flavescens.stomach_vs._Acanthurus_nigrofuscus.stomach	0.613415531766	0.746561789078
Zebrasome_flavescens.stomach_vs._Naso_unicornis._middle	0.7914565129
Zebrasome_flavescens.stomach_vs._Naso_unicornis.middle	0.849092413181	0.719850856294	0.721811012244	0.787897762034	0.769124653659	0.755557645073
Acanthurus_leucoparieus.anterior_vs._Naso_lituratus.posterior	0.3993886369	0.91976588286	0.912697129277	0.837616610104	0.794450012854	0.781915305351
Acanthurus_leucoparieus.anterior_vs._Zebrasoma_flavescens.posterior	0.929543094143	0.949085752483	0.849222110291	0.858757431568
Acanthurus_leucoparieus.anterior_vs._Acanthurus_nigrofuscus.middle	0.366533192582	0.415459817983	0.835508089912	0.823392343379
Acanthurus_leucoparieus.anterior_vs._Acanthurus_nigrofuscus.stomach	0.904900395287	0.883301750543	0.766517846291	0.690095367859
Acanthurus_leucoparieus.anterior_vs._Naso_unicornis._middle	0.88864319797	0.674647100839
Acanthurus_leucoparieus.anterior_vs._Naso_unicornis.middle	0.38816041987	0.86811876538	0.81805688691	0.886868765381	0.856559852607	0.695647630394	0.817002944196	0.616235924274	0.591620730151	0.698960261986	0.685768528554	0.692638480766
Naso_lituratus.posterior_vs._Zebrasoma_flavescens.posterior	0.903474757739	0.931378909799	0.620834629035	0.64854173448	0.625083022934	0.677136995114
Naso_lituratus.posterior_vs._Acanthurus_nigrofuscus.middle	0.400205310513	0.426901226798	0.927664104335	0.917335600965	0.91640698455	0.910137889315
Naso_lituratus.posterior_vs._Acanthurus_nigrofuscus.stomach	0.905347401524	0.891054604151	0.858805464903	0.762040727029	0.860717580435	0.794210411699
Naso_lituratus.posterior_vs._Naso_unicornis._middle	0.895560565329	0.690961526506	0.753512424771
Naso_lituratus.posterior_vs._Naso_unicornis.middle	0.415098054064	0.861425991315	0.819732030546	0.89478773993	0.869348742915	0.686266755762	0.909137938702	0.713478706145	0.753828123072	0.638020718649	0.74336273843	0.852234915192	0.90275589663	0.725528491842	0.760646862434	0.676796970057	0.781994165965	0.846768337274
Zebrasoma_flavescens.posterior_vs._Acanthurus_nigrofuscus.middle	0.931636568529	0.928805994496	0.949051397777	0.940517391703
Zebrasoma_flavescens.posterior_vs._Acanthurus_nigrofuscus.stomach	0.885221638043	0.828773023048	0.882274096479	0.810314913616
Zebrasoma_flavescens.posterior_vs._Naso_unicornis._middle	0.802313581263	0.785862233343
Zebrasoma_flavescens.posterior_vs._Naso_unicornis.middle	0.921535017664	0.776806324013	0.818189585978	0.780149613446	0.819219289206	0.876910736329	0.939363279977	0.775891867554	0.821124520387	0.745527779594	0.826468353493	0.88839182485
Acanthurus_nigrofuscus.middle_vs._Acanthurus_nigrofuscus.stomach	0.903079984603	0.884477262421	0.860258212604	0.858895264031
Acanthurus_nigrofuscus.middle_vs._Naso_unicornis._middle	0.89451303119	0.884571013101
Acanthurus_nigrofuscus.middle_vs._Naso_unicornis.middle	0.393086228765	0.872609736579	0.824757497305	0.893956064832	0.860096243344	0.687807289105	0.435923567041	0.853390326868	0.817300014107	0.88980373212	0.855589257909	0.682626238727
Acanthurus_nigrofuscus.stomach_vs._Naso_unicornis._middle	0.79881080178	0.630296261414
Acanthurus_nigrofuscus.stomach_vs._Naso_unicornis.middle	0.883612202754	0.762781304943	0.776499125132	0.823135531078	0.817889600469	0.8089183574	0.867153117284	0.640460529052	0.66764174498	0.614370777686	0.581713445827	0.794482330969
Naso_unicornis._middle_vs._Naso_unicornis.middle	0.876903407932	0.577302082333	0.654902171695	0.561470172437	0.631822975049	0.787257628358
