anterior_vs._anterior	0.66570411096
posterior_vs._posterior	0.72455303441	0.71762798104	0.7095728366
anterior_vs._middle	0.708182616119	0.72714339234
anterior_vs._posterior	0.753404388917	0.742811175746	0.691966009369	0.753225523668	0.726721985485	0.721844766655
anterior_vs._stomach	0.692646923956	0.69665526154
anterior_vs._esophagus	0.750892232523	0.751545519214
middle_vs._posterior	0.751655919996	0.748131972053	0.659596101829
middle_vs._stomach	0.757633719298
middle_vs._esophagus	0.828012404651
posterior_vs._stomach	0.753258882829	0.768274884589	0.740210509972
posterior_vs._esophagus	0.844846611458	0.834155296149	0.816780928869
stomach_vs._esophagus	0.686252332699
